    20   70
1            0000000000000000000000000000000010000000000000000000000000000000000000
2            0000000000000000000000000000000000000000001000000000000000000000000000
3            0000000000000000000000000000000000000000000010010000000000000000000100
4            0000000001101100011110000000000000000000000000000000010111111000000000
5            0000000000000000000000000000000000000001000000000000000000000000000000
6            0000000000000000000000000000000000000000000100000000000000000000000000
7            0000000000000000000000000010000000000000000010000000000000000001000000
8            0000000000000000100000000000000000000000000000010000000000000000000000
9            0000000000000000000000000000000000001000000000010000001000000000000100
10           0000000000000000000000000000000000000110000000000000000000000000000000
11           0000000000000010000000000000000000000000000000000000000000000000000000
12           0010000000000000000000000000000000000000000011000000000000000000000000
13           0000000000000000000000000000000001000001000000000000000000000000000000
14           0000000000000000000000000000010000000000000000100000000000000000000000
15           0000000011100000000000000000000000100000100000000000000000000000000000
16           0001000000010000000000000000000000000000000000000000000000000000000000
17           0000000000000000000000000000000100010000000000000000000000000000000000
18           0000100000000000000000000000001000000000010000000000000000000100000000
19           1100011100000001000001111101100000000000000000001111100000000010111011
20           0000000000000000000000000000000000000000000000000000000000000000000000
