(2,((19,((12,7),(16,(11,((15,4),(14,((18,((17,(20,10)),(13,5))),(8,
(9,3))))))))),(6,1)))[0.0100];
((6,2),((19,((12,7),(16,(11,((15,4),(14,((18,((17,(20,10)),(13,5))),
(8,(9,3))))))))),1))[0.0100];
(2,((19,((12,7),(16,(11,((15,4),(14,((18,((17,(20,10)),(13,5))),(6,
(8,(9,3)))))))))),1))[0.0100];
(2,((19,((12,7),(16,(11,((6,(15,4)),(14,((18,((17,(20,10)),(13,5))),
(8,(9,3))))))))),1))[0.0100];
(2,((19,((12,7),(16,(11,((15,4),(14,(((18,6),((17,(20,10)),(13,5))),
(8,(9,3))))))))),1))[0.0100];
(2,((19,((12,7),(16,(11,((15,4),(14,((18,(6,((17,(20,10)),(13,5)))),
(8,(9,3))))))))),1))[0.0100];
(2,((19,((12,7),(16,(11,((15,4),(14,((6,(18,((17,(20,10)),(13,5)))),
(8,(9,3))))))))),1))[0.0100];
(2,((19,((12,7),(16,(11,((15,4),(14,((18,(((20,10),(17,6)),(13,5))),
(8,(9,3))))))))),1))[0.0100];
(2,((19,((12,7),(16,(11,((15,4),(14,((18,(((17,(20,10)),6),(13,5))),
(8,(9,3))))))))),1))[0.0100];
(2,((19,((12,7),(16,(11,((15,4),(14,((18,((17,(10,(20,6))),(13,5))),
(8,(9,3))))))))),1))[0.0100];
(2,((19,((12,7),(16,(11,((15,4),(14,((18,((17,((20,10),6)),(13,5))),
(8,(9,3))))))))),1))[0.0100];
(2,((19,((12,7),(16,(11,((15,4),(14,((18,((17,(20,(10,6))),(13,5))),
(8,(9,3))))))))),1))[0.0100];
(2,((19,((12,7),(16,(11,((15,4),(14,((18,((17,(20,10)),(6,(13,5)))),
(8,(9,3))))))))),1))[0.0100];
(6,(2,((19,((12,7),(16,(11,((15,4),(14,((18,((20,17),(13,5))),(8,(9,
3))))))))),(10,1))))[0.0100];
(6,((10,2),((19,((12,7),(16,(11,((15,4),(14,((18,((20,17),(13,5))),
(8,(9,3))))))))),1)))[0.0100];
(6,(2,((19,((12,7),(16,(11,((15,4),(14,((18,((17,(20,10)),(13,5))),
(8,(9,3))))))))),1)))[0.0100];
(6,(2,((19,((12,7),(16,(11,((15,4),(14,((18,((20,17),(10,(13,5)))),
(8,(9,3))))))))),1)))[0.0100];
(6,(2,((19,((12,7),(16,(11,((15,4),(14,((18,(10,((20,17),(13,5)))),
(8,(9,3))))))))),1)))[0.0100];
(6,(2,((19,((12,7),(16,(11,((15,4),(14,((10,(18,((20,17),(13,5)))),
(8,(9,3))))))))),1)))[0.0100];
((10,6),(2,((19,((12,7),(16,(11,((15,4),(14,((18,((20,17),(13,5))),
(8,(9,3))))))))),1)))[0.0100];
(6,(10,(2,((19,((12,7),(16,(11,((15,4),(14,((18,((20,17),(13,5))),
(8,(9,3))))))))),1))))[0.0100];
(6,(2,(10,((19,((12,7),(16,(11,((15,4),(14,((18,((20,17),(13,5))),
(8,(9,3))))))))),1))))[0.0100];
(6,(2,((19,((12,7),(16,((11,10),((15,4),(14,((18,((20,17),(13,5))),
(8,(9,3))))))))),1)))[0.0100];
(6,(2,((19,((12,7),((16,10),(11,((15,4),(14,((18,((20,17),(13,5))),
(8,(9,3))))))))),1)))[0.0100];
(6,(2,((19,((12,7),(16,(10,(11,((15,4),(14,((18,((20,17),(13,5))),
(8,(9,3)))))))))),1)))[0.0100];
(6,(2,((19,((12,7),(10,(16,(11,((15,4),(14,((18,((20,17),(13,5))),
(8,(9,3)))))))))),1)))[0.0100];
(6,(2,((19,((12,7),(16,(11,(10,((15,4),(14,((18,((20,17),(13,5))),
(8,(9,3)))))))))),1)))[0.0100];
(6,(2,((19,((12,7),(16,(11,((15,4),((14,10),((18,((20,17),(13,5))),
(8,(9,3))))))))),1)))[0.0100];
(6,(2,((19,((12,7),(16,(11,((15,4),(10,(14,((18,((20,17),(13,5))),
(8,(9,3)))))))))),1)))[0.0100];
(6,(2,((19,((12,7),(16,(11,((15,4),(14,(10,((18,((20,17),(13,5))),
(8,(9,3)))))))))),1)))[0.0100];
(10,(6,(2,((19,((12,7),(16,(11,((15,4),(14,((18,((20,17),(13,5))),
(8,(9,3))))))))),1))))[0.0100];
(6,(2,(((19,10),((12,7),(16,(11,((15,4),(14,((18,((20,17),(13,5))),
(8,(9,3))))))))),1)))[0.0100];
(6,(2,((10,(19,((12,7),(16,(11,((15,4),(14,((18,((20,17),(13,5))),
(8,(9,3)))))))))),1)))[0.0100];
(6,(2,((19,(10,((12,7),(16,(11,((15,4),(14,((18,((20,17),(13,5))),
(8,(9,3)))))))))),1)))[0.0100];
(6,(2,((19,((12,7),(16,(11,((15,4),(14,((18,((20,17),(13,5))),(10,
(8,(9,3)))))))))),1)))[0.0100];
(2,(6,((19,((12,7),(16,(11,((15,4),(14,((18,((17,(20,10)),(13,5))),
(8,(9,3))))))))),1)))[0.0100];
(2,((19,(((12,7),6),(16,(11,((15,4),(14,((18,((17,(20,10)),(13,5))),
(8,(9,3))))))))),1))[0.0100];
(2,(((19,6),((12,7),(16,(11,((15,4),(14,((18,((17,(20,10)),(13,5))),
(8,(9,3))))))))),1))[0.0100];
(2,((19,(6,((12,7),(16,(11,((15,4),(14,((18,((17,(20,10)),(13,5))),
(8,(9,3)))))))))),1))[0.0100];
(2,((6,(19,((12,7),(16,(11,((15,4),(14,((18,((17,(20,10)),(13,5))),
(8,(9,3)))))))))),1))[0.0100];
(2,((19,((12,7),(16,((11,6),((15,4),(14,((18,((17,(20,10)),(13,5))),
(8,(9,3))))))))),1))[0.0100];
(2,((19,((12,7),((16,6),(11,((15,4),(14,((18,((17,(20,10)),(13,5))),
(8,(9,3))))))))),1))[0.0100];
(2,((19,((12,7),(16,(6,(11,((15,4),(14,((18,((17,(20,10)),(13,5))),
(8,(9,3)))))))))),1))[0.0100];
(2,((19,((12,7),(6,(16,(11,((15,4),(14,((18,((17,(20,10)),(13,5))),
(8,(9,3)))))))))),1))[0.0100];
(2,((19,((12,7),(16,(11,(6,((15,4),(14,((18,((17,(20,10)),(13,5))),
(8,(9,3)))))))))),1))[0.0100];
(2,((19,((12,7),(16,(11,((15,4),((14,6),((18,((17,(20,10)),(13,5))),
(8,(9,3))))))))),1))[0.0100];
(2,((19,((12,7),(16,(11,((15,4),(6,(14,((18,((17,(20,10)),(13,5))),
(8,(9,3)))))))))),1))[0.0100];
(2,((19,((12,7),(16,(11,((15,4),(14,(6,((18,((17,(20,10)),(13,5))),
(8,(9,3)))))))))),1))[0.0100];
(19,((12,7),(16,(11,((15,4),(14,((18,((13,5),(17,(((20,10),6),2)))),
((8,(9,3)),1))))))))[0.0100];
(19,((12,7),(16,(11,((14,((8,(9,3)),(18,((13,5),(17,(((20,10),6),2)))))),
((15,4),1))))))[0.0100];
((19,((12,7),(16,(11,((14,((18,((17,((20,10),6)),(13,5))),(8,(9,3)))),
((15,4),2)))))),1)[0.0100];
((19,((16,(11,((15,4),(14,((18,((17,((20,10),6)),(13,5))),(8,(9,3))))))),
((12,7),2))),1)[0.0100];
((19,((12,7),(16,(((15,4),(14,((18,((17,((20,10),6)),(13,5))),(8,(9,
3))))),(11,2))))),1)[0.0100];
((19,((12,7),(16,(11,(((15,4),(14,((18,((17,((20,10),6)),(13,5))),
(8,(9,3))))),2))))),1)[0.0100];
((19,((12,7),((11,((15,4),(14,((18,((17,((20,10),6)),(13,5))),(8,(9,
3)))))),(16,2)))),1)[0.0100];
((19,((12,7),(16,((11,((15,4),(14,((18,((17,((20,10),6)),(13,5))),
(8,(9,3)))))),2)))),1)[0.0100];
((19,((12,7),((16,(11,((15,4),(14,((18,((17,((20,10),6)),(13,5))),
(8,(9,3))))))),2))),1)[0.0100];
((((12,7),(16,(11,((15,4),(14,((18,((17,((20,10),6)),(13,5))),(8,(9,
3)))))))),(19,2)),1)[0.0100];
((19,(((12,7),(16,(11,((15,4),(14,((18,((17,((20,10),6)),(13,5))),
(8,(9,3)))))))),2)),1)[0.0100];
(((19,((12,7),(16,(11,((15,4),(14,((18,((17,((20,10),6)),(13,5))),
(8,(9,3))))))))),2),1)[0.0100];
(19,((12,7),(16,(11,((15,4),(((8,(9,3)),(18,((13,5),(17,(((20,10),
6),2))))),(14,1)))))))[0.0100];
(19,((12,7),(16,(11,((15,4),(14,(((8,(9,3)),(18,((13,5),(17,(((20,
10),6),2))))),1)))))))[0.0100];
(19,((12,7),(16,(11,((15,4),((14,((8,(9,3)),(18,((13,5),(17,(((20,
10),6),2)))))),1))))))[0.0100];
(19,((16,(11,((15,4),(14,((8,(9,3)),(18,((13,5),(17,(((20,10),6),2))))))))),
((12,7),1)))[0.0100];
(19,((12,7),(16,(((15,4),(14,((8,(9,3)),(18,((13,5),(17,(((20,10),
6),2))))))),(11,1)))))[0.0100];
(19,((12,7),(16,(11,(((15,4),(14,((8,(9,3)),(18,((13,5),(17,(((20,
10),6),2))))))),1)))))[0.0100];
(19,((12,7),((11,((15,4),(14,((8,(9,3)),(18,((13,5),(17,(((20,10),
6),2)))))))),(16,1))))[0.0100];
(19,((12,7),(16,((11,((15,4),(14,((8,(9,3)),(18,((13,5),(17,(((20,
10),6),2)))))))),1))))[0.0100];
(19,((12,7),((16,(11,((15,4),(14,((8,(9,3)),(18,((13,5),(17,(((20,
10),6),2))))))))),1)))[0.0100];
((19,((12,7),(16,(11,((15,4),(14,((8,(9,3)),(18,((13,5),(17,(6,(10,
(20,2))))))))))))),1)[0.0100];
((19,((12,7),(16,(11,((15,4),(14,((8,(9,3)),(18,((13,5),(17,(6,((20,
10),2)))))))))))),1)[0.0100];
((19,((12,7),(16,(11,((15,4),(14,((8,(9,3)),(18,((13,5),(17,(6,(20,
(10,2))))))))))))),1)[0.0100];
((19,((12,7),(16,(11,((15,4),(14,((8,(9,3)),(18,((13,5),(((20,10),
6),(17,2))))))))))),1)[0.0100];
(((12,7),(16,(11,((15,4),(14,((8,(9,3)),(18,((13,5),(17,(((20,10),
6),2)))))))))),(19,1))[0.0100];
(19,(((12,7),(16,(11,((15,4),(14,((8,(9,3)),(18,((13,5),(17,(((20,
10),6),2)))))))))),1))[0.0100];
((19,((12,7),(16,(11,((15,4),(14,((8,(9,3)),(18,((13,5),(17,(((20,
10),6),2))))))))))),1)[0.0100];
((19,((12,7),(16,(11,((15,4),(14,((8,(9,3)),(18,((13,5),((17,((20,
10),6)),2)))))))))),1)[0.0100];
((19,((12,7),(16,(11,((15,4),(14,((8,(9,3)),(18,((13,5),(17,((20,10),
(6,2)))))))))))),1)[0.0100];
((19,((12,7),(16,(11,((15,4),(14,((8,(9,3)),(((17,((20,10),6)),(13,
5)),(18,2))))))))),1)[0.0100];
((19,((12,7),(16,(11,((15,4),(14,((8,(9,3)),(18,(((17,((20,10),6)),
(13,5)),2))))))))),1)[0.0100];
((19,((12,7),(16,(11,((15,4),(14,((8,(9,3)),((18,((17,((20,10),6)),
(13,5))),2)))))))),1)[0.0100];
((19,((12,7),(16,(11,((15,4),(14,((8,(9,3)),(18,((17,((20,10),6)),
((13,5),2)))))))))),1)[0.0100];
((19,((12,7),(16,(11,((15,4),(((18,((17,((20,10),6)),(13,5))),(8,(9,
3))),(14,2))))))),1)[0.0100];
((19,((12,7),(16,(11,((15,4),(14,(((18,((17,((20,10),6)),(13,5))),
(8,(9,3))),2))))))),1)[0.0100];
((19,((12,7),(16,(11,((15,4),((14,((18,((17,((20,10),6)),(13,5))),
(8,(9,3)))),2)))))),1)[0.0100];
((19,((12,7),(16,(11,((15,4),(14,((18,((17,((20,10),6)),(13,5))),((8,
(9,3)),2)))))))),1)[0.0100];
((19,((12,7),(16,(11,((15,4),(14,((18,((17,((20,10),6)),(13,5))),(8,
(9,3))))))))),(2,1))[0.0100];
(19,((12,7),(16,(11,((15,4),(14,((8,(9,3)),(18,((17,(((20,10),6),2)),
((13,5),1))))))))))[0.0100];
(19,((12,7),(16,(11,((15,4),(14,((8,(9,3)),(((13,5),(17,(((20,10),
6),2))),(18,1)))))))))[0.0100];
(19,((12,7),(16,(11,((15,4),(14,((8,(9,3)),(18,(((13,5),(17,(((20,
10),6),2))),1)))))))))[0.0100];
(19,((12,7),(16,(11,((15,4),(14,((8,(9,3)),((18,((13,5),(17,(((20,
10),6),2)))),1))))))))[0.0100];
(19,((12,7),(16,(11,((15,4),(14,((8,(9,3)),(18,((13,5),(17,(2,(6,(10,
(20,1))))))))))))))[0.0100];
(19,((12,7),(16,(11,((15,4),(14,((8,(9,3)),(18,((13,5),(17,(2,(6,((20,
10),1)))))))))))))[0.0100];
(19,((12,7),(16,(11,((15,4),(14,((8,(9,3)),(18,((13,5),(17,(2,(6,(20,
(10,1))))))))))))))[0.0100];
(19,((12,7),(16,(11,((15,4),(14,((8,(9,3)),(18,((13,5),(17,(2,(((20,
10),6),1))))))))))))[0.0100];
(19,((12,7),(16,(11,((15,4),(14,((8,(9,3)),(18,((13,5),(17,(2,((20,
10),(6,1)))))))))))))[0.0100];
(19,((12,7),(16,(11,((15,4),(14,((8,(9,3)),(18,((13,5),((((20,10),
6),2),(17,1)))))))))))[0.0100];
(19,((12,7),(16,(11,((15,4),(14,((8,(9,3)),(18,((13,5),(17,((((20,
10),6),2),1)))))))))))[0.0100];
(19,((12,7),(16,(11,((15,4),(14,((8,(9,3)),(18,((13,5),((17,(((20,
10),6),2)),1))))))))))[0.0100];
(19,((12,7),(16,(11,((15,4),(14,((8,(9,3)),(18,((13,5),(17,(((20,10),
6),(2,1))))))))))))[0.0100];
